POAAAA,5,0,0,0,0,medieval_king,1755873201075
KASSSSSS,0,0,1,1,1,mushroom,1755872923550
RQ,0,0,0,0,1,medieval_king,1755865174650
,1,medieval_king,1755873170439
F,0,0,1,0,0,skeleton,1755864444220
K,0,0,0,1,4,flying_eye,1755871685309
IDE,0,0,0,1,1,flying_eye,1755873201072
L,6,152,1,0,1,mushroom,1755871474204
P,5,0,1,0,5,skeleton,1755871714710
OPAW,5,0,1,0,1,skeleton,1755872157117
KAAAA,0,0,1,0,1,mushroom,1755872176995
KA,0,0,0,0,1,medieval_king,1755869465462
FA,0,0,0,0,1,medieval_king,1755869176569
DA,5,0,4,0,2,flying_eye,1755869193248
KASSSSSS,0,0,1,1,1,mushroom,1755872923550
RQ,0,0,0,0,1,medieval_king,1755865174650
